1
53
100
52
66
71
71
82
6
89
23
44
8
70
1
98
60
61
81
32
98
4
47
64
60
1
37
79
57
68
17
39
79
27
30
99
28
52
17
71
25
83
15
76
66
95
91
47
97
18
60
18
95
78
3
6
7
54
9
78
72
98
66
57
3
47
26
31
32
67
60
46
60
48
47
48
75
72
85
96
88
70
95
15
24
55
65
12
83
21
94
99
27
29
52
82
90
64
27
25
79
34
58
42
87
3
86
33
72
99
83
8
77
10
83
38
33
44
1
50
87
42
26
46
9
92
48
15
80
11
52
19
29
91
5
23
60
2
72
16
70
88
41
40
81
63
45
36
24
26
60
16
58
58
61
84
49
62
70
99
75
86
63
80
37
98
98
78
2
65
74
73
43
69
86
77
15
11
40
9
95
79
84
44
70
5
56
23
68
77
1
87
2
69
10
93
47
78
8
46
21
71
12
45
99
17
6
16
65
63
20
77
44
88
87
72
22
23
53
43
40
66
81
90
1
44
19
38
46
52
25
11
7
14
24
66
64
27
22
32
61
---